8 0112302 3
9 0114576 3
10 0113189 3
11 0112346 3
12 0112896 3
13 0112453 3
14 0113987 3
15 0112760 3
16 0112641 3
13 0112453 3
28 0114117 3
46 0113347 3
53 0110299 3
70 0116367 2
73 0113828 3
77 0113973 3
80 0112445 3
83 0114039 3
89 0113972 3
99 0113283 3
106 0110251 3
108 0112646 3
117 0115033 2
117 0115033 3
119 0114536 3
121 0106473 3
128 0110217 3
129 0114131 3
135 0116130 3
137 0113756 3
148 0112427 3
155 0112495 3
159 0112688 3
160 0112715 3
161 0112740 3
162 0109508 3
163 0112851 3
164 0112857 3
160 0112715 3
162 0109508 3
164 0112857 3
168 0113071 3
170 0113243 3
173 0113492 3
177 0113690 3
178 0107447 3
183 0110604 3
189 0114241 3
198 0114558 3
205 0114798 3
206 0114805 3
211 0109340 3
228 0112854 3
230 0109642 3
231 0109686 3
232 0111797 3
252 0110099 3
263 0110296 3
278 0113808 3
280 0113870 3
282 0110638 3
284 0117169 3
285 0106402 3
287 0110671 3
289 0110737 3
291 0114151 3
295 0114210 3
301 0114129 3
304 0114296 3
310 0114268 3
311 0110965 3
321 0106966 3
324 0111309 3
341 0109655 3
352 0109504 3
376 0110997 3
388 0112570 3
389 0109454 3
406 0109785 3
420 0109254 3
453 0106941 3
475 0107207 3
495 0074102 3
514 0110955 3
522 0105275 3
526 0105032 3
528 0111094 3
549 0108328 3
552 0108333 3
553 0108358 3
575 0110366 3
579 0108059 3
581 0112651 3
602 0109934 3
615 0070506 3
619 0116165 3
627 0113613 3
636 0113122 3
649 0109028 3
661 0116683 3
678 0108181 3
695 0114736 3
3466 0107091 1
3467 0057163 1
3468 0054997 1
3469 0053946 1
3470 0071411 1
3471 0075860 1
704 0117420 3
720 0118114 1
722 0113270 3
728 0112701 3
731 0116508 3
745 0112691 3
759 0110480 3
760 0108211 3
764 0113280 3
773 0070820 3
775 0063715 3
790 0111546 3
791 0113610 3
795 0111237 3
798 0116040 3
803 0118113 3
804 0117628 3
805 0117913 3
824 0110246 3
829 0116707 3
5451 0265591 4
837 0117008 3
875 0110693 3
886 0115783 3
889 0109001 3
937 0050658 3
941 0032762 3
946 0035446 3
956 0034012 3
959 0025586 3
961 0027893 3
979 0114007 3
984 0117357 3
987 0118742 3
1008 0047977 3
1016 0053271 3
1023 0063819 3
1046 0115640 3
1050 0116913 3
1055 0120107 3
1064 0115491 3
1094 0104036 3
1107 0102336 2
1107 0102336 3
1111 0117040 3
1112 0117284 3
1117 0116581 3
1123 0117320 3
1126 0101775 3
1137 0116587 3
1144 0116886 3
1148 0108598 3
1156 0034493 3
1163 0110521 3
1176 0101765 3
1211 0093191 3
1223 0104361 3
1236 0103130 3
1237 0050976 3
1241 0103873 3
1243 0100519 3
1295 0096332 3
1296 0091867 3
1312 0116293 3
1324 0115535 3
1325 0106262 3
1328 0099030 3
1349 0091651 3
1398 0116621 3
1415 0118100 3
1423 0116506 3
1425 0119115 3
1429 0116704 3
1430 0120414 3
1437 0106535 3
