1
2
3
4
5
6
7
8
9
10
11
12
13
14
15
16
17
18
19
20
21
22
23
24
25
26
27
28
29
30
31
32
34
36
38
39
40
41
42
43
44
45
46
47
48
49
50
52
53
54
55
57
58
60
61
62
63
64
65
66
68
69
70
71
72
73
74
75
76
77
78
79
80
81
82
83
85
86
87
88
89
92
93
94
95
96
97
99
100
101
102
103
104
105
106
107
108
110
111
112
113
116
117
118
119
121
122
123
125
126
128
129
132
135
137
140
141
144
145
146
147
148
149
150
151
152
153
154
155
156
157
158
159
160
161
162
163
164
165
166
168
169
170
171
172
173
174
175
176
177
178
179
180
181
183
184
185
186
187
188
189
190
191
193
194
195
196
198
199
201
202
203
204
205
206
207
208
209
210
211
212
213
214
215
216
217
218
219
220
222
223
224
225
227
228
229
230
231
232
233
234
235
236
237
238
239
240
241
242
243
246
247
248
249
250
251
252
253
254
255
256
257
258
259
260
261
262
263
265
266
267
269
270
271
272
273
274
275
276
277
278
279
280
281
282
283
284
285
287
288
289
290
291
292
293
294
295
296
298
299
300
301
302
303
304
305
306
307
308
310
311
312
313
314
315
316
317
318
319
320
321
322
324
325
326
327
328
329
330
331
332
333
334
335
336
337
338
339
340
341
342
343
344
345
346
347
348
349
350
351
352
353
354
355
356
357
358
359
360
361
362
363
364
365
366
367
368
369
370
371
372
373
374
376
377
378
379
380
381
382
383
384
385
386
387
388
389
390
391
393
405
406
407
408
409
410
412
413
414
415
416
417
418
419
420
421
422
423
424
425
426
427
428
429
430
431
432
433
434
435
436
437
438
440
441
442
444
445
446
448
449
450
451
452
453
454
455
456
457
458
459
460
461
464
466
467
468
469
470
471
472
473
474
475
476
477
478
479
480
481
482
484
485
486
487
488
489
490
491
492
493
494
495
496
497
499
500
501
502
504
505
506
507
508
509
510
511
512
513
514
515
516
517
518
519
520
521
522
523
524
526
527
528
529
531
532
533
534
535
536
537
538
539
540
541
542
543
544
546
547
548
549
550
551
552
553
555
556
558
562
563
564
567
568
569
573
574
575
577
579
580
581
583
585
586
587
588
589
590
592
593
594
595
596
597
599
600
602
605
606
608
609
610
611
612
613
615
616
617
618
619
626
627
628
631
632
633
634
635
636
637
638
639
640
645
647
648
649
650
653
656
661
662
663
665
667
668
670
671
673
674
678
679
680
685
688
691
692
694
695
697
698
700
703
704
706
707
708
709
710
711
714
715
718
719
720
722
724
725
726
728
731
733
735
736
737
741
742
743
745
747
748
750
757
759
760
761
762
764
765
766
773
775
778
779
780
781
782
783
784
785
786
788
790
791
795
798
799
800
801
802
803
804
805
806
808
809
810
813
818
823
824
828
829
830
832
833
835
836
837
838
839
840
841
842
848
849
851
852
858
861
866
867
869
870
875
876
879
880
881
882
885
886
888
889
891
892
893
896
897
898
899
900
901
902
903
904
905
906
907
908
909
910
911
912
913
914
915
916
917
918
919
920
921
922
923
924
926
927
928
929
930
931
932
933
934
935
936
937
938
940
941
942
943
944
945
946
947
948
949
950
951
952
953
954
955
956
959
961
963
965
968
969
970
971
973
976
979
981
982
984
986
987
988
990
991
993
994
996
998
999
1003
1004
1005
1006
1007
1008
1009
1010
1011
1012
1013
1014
1015
1016
1017
1018
1019
1020
1021
1022
1023
1024
1025
1027
1028
1029
1030
1031
1032
1033
1034
1035
1036
1037
1040
1041
1042
1043
1046
1047
1049
1050
1051
1053
1054
1055
1056
1057
1059
1060
1061
1064
1066
1068
1073
1076
1077
1078
1079
1080
1081
1082
1083
1084
1085
1086
1088
1089
1090
1091
1092
1093
1094
1095
1096
1097
1099
1100
1101
1103
1104
1105
1107
1111
1112
1114
1116
1117
1119
1120
1121
1123
1124
1125
1126
1127
1128
1129
1130
1131
1132
1135
1136
1137
1140
1144
1147
1148
1150
1151
1156
1161
1162
1163
1167
1170
1171
1172
1173
1175
1176
1177
1178
1179
1180
1183
1184
1185
1186
1187
1188
1189
1190
1191
1192
1193
1194
1196
1197
1198
1199
1200
1201
1202
1203
1204
1206
1207
1208
1209
1210
1211
1212
1213
1214
1215
1216
1217
1218
1219
1220
1221
1222
1223
1224
1225
1226
1227
1228
1230
1231
1232
1233
1234
1235
1236
1237
1238
1240
1241
1242
1243
1244
1245
1246
1247
1248
1249
1250
1251
1252
1253
1254
1255
1256
1257
1258
1259
1260
1261
1262
1263
1264
1265
1266
1267
1268
1269
1270
1271
1272
1273
1274
1275
1276
1277
1278
1279
1280
1281
1282
1283
1284
1285
1286
1287
1288
1289
1290
1291
1292
1293
1295
1296
1297
1298
1299
1300
1301
1302
1303
1304
1305
1306
1307
1310
1312
1318
1320
1321
1322
1323
1324
1325
1326
1327
1328
1329
1330
1331
1332
1333
1334
1335
1336
1337
1339
1340
1341
1342
1343
1344
1345
1346
1347
1348
1349
1350
1351
1352
1353
1354
1355
1356
1357
1358
1359
1361
1363
1365
1366
1367
1370
1371
1372
1373
1374
1375
1376
1377
1378
1379
1380
1381
1382
1385
1387
1388
1389
1390
1391
1392
1393
1394
1395
1396
1397
1398
1399
1401
1405
1406
1407
1408
1409
1411
1412
1413
1414
1415
1416
1417
1419
1422
1423
1425
1426
1427
1428
1429
1430
1431
1432
1437
1438
1439
1440
1441
1442
1445
1446
1447
1449
1453
1454
1456
1457
1458
1459
1460
1461
1464
1465
1466
1468
1473
1474
1475
1476
1477
1479
1480
1483
1484
1485
1487
1488
